2000 0.0059375
2500 0.015625
3000 0.015625
3500 0.03125
4000 0.015625
4500 0.03125
5000 0.03125
5500 0.046875
6000 0.0625
6500 0.0625
7000 0.078125
7500 0.078125
8000 0.09375
8500 0.09375
9000 0.125
9500 0.125
10000 0.15625
10500 0.171875
11000 0.1875
11500 0.1875
12000 0.203125
12500 0.234375
13000 0.25
13500 0.265625
14000 0.28125
14500 0.3125
15000 0.3125
15500 0.359375
16000 0.375
16500 0.40625
17000 0.421875
17500 0.453125
18000 0.46875
18500 0.5
19000 0.53125
19500 0.5625
20000 0.578125
20500 0.609375
21000 0.640625
21500 0.671875
22000 0.703125
22500 0.734375
23000 0.78125
23500 0.8125
24000 0.84375
24500 0.875
25000 0.90625
25500 0.953125
26000 1
26500 1.03125
27000 1.07812
27500 1.10938
28000 1.15625
28500 1.20312
29000 1.23438
29500 1.26562
30000 1.3125
30500 1.34375
31000 1.40625
31500 1.45312
32000 1.48438
32500 1.54688
33000 1.59375
33500 1.65625
34000 1.6875
34500 1.75
35000 1.79688
35500 1.82812
36000 1.89062
36500 1.9375
37000 2
37500 2.0625
38000 2.10938
38500 2.1875
39000 2.21875
39500 2.26562
40000 2.34375
40500 2.39062
41000 2.45312
41500 2.5
42000 2.5625
42500 2.625
43000 2.67188
43500 2.75
44000 2.8125
44500 2.85938
45000 2.9375
45500 2.98438
46000 3.0625
46500 3.14062
47000 3.20312
47500 3.28125
48000 3.34375
48500 3.40625
49000 3.5
49500 3.5625
50000 3.64062
50500 3.70312
51000 3.79688
51500 3.85938
52000 3.92188
52500 4
53000 4.07812
53500 4.17188
54000 4.23438
54500 4.32812
55000 4.39062
55500 4.48438
56000 4.59375
56500 4.64062
57000 4.76562
57500 4.82812
58000 4.89062
58500 4.95312
59000 5.0625
59500 5.17188
60000 5.21875
60500 5.3125
61000 5.40625
61500 5.5
62000 5.57812
62500 5.67188
63000 5.76562
63500 5.85938
64000 5.96875
64500 6.0625
65000 6.14062
65500 6.21875
66000 6.28125
66500 6.40625
67000 6.53125
67500 6.5625
68000 6.65625
68500 6.76562
69000 6.89062
69500 7.04688
70000 7.09375
70500 7.20312
71000 7.3125
71500 7.42188
72000 7.5
72500 7.59375
73000 7.70312
73500 7.8125
74000 7.9375
74500 8.04688
75000 8.14062
75500 8.25
76000 8.34375
76500 8.48438
77000 8.5625
77500 8.75
78000 8.8125
78500 8.95312
79000 9.01562
79500 9.15625
80000 9.26562
80500 9.39062
81000 9.51562
81500 9.60938
82000 9.73438
82500 9.82812
83000 10.0156
83500 10.0938
84000 10.2188
84500 10.3438
85000 10.4844
85500 10.6094
86000 10.7031
86500 10.8281
87000 10.9531
87500 11.1094
88000 11.25
88500 11.4062
89000 11.5312
89500 11.6562
90000 11.7031
90500 11.9219
91000 12.0156
91500 12.1094
92000 12.2656
92500 12.4375
93000 12.5469
93500 12.6406
94000 12.8594
94500 12.9219
95000 13.1406
95500 13.2188
96000 13.3906
96500 13.5156
97000 13.6562
97500 13.7344
98000 13.9219
98500 14.1094
99000 14.2031
99500 14.3438
100000 14.5312
100500 14.6719
101000 14.875
101500 14.9688
102000 14.8594
102500 14.875
103000 14.8125
103500 15.3125
104000 15.2969
104500 15.6094
105000 15.5625
105500 15.8438
106000 16.0938
106500 16.1406
107000 16.2812
107500 16.4375
108000 16.6562
108500 16.625
109000 16.7812
109500 16.9375
110000 17.0781
110500 17.3906
111000 17.7812
111500 17.9688
112000 18.0312
112500 18.0469
113000 18.0469
113500 18.3906
114000 18.5469
114500 18.7188
115000 18.7812
115500 19.0312
116000 19.0938
116500 19.3125
117000 19.7188
117500 19.9062
118000 19.9375
118500 20.0156
119000 20.0938
119500 20.3438
120000 20.3125
120500 20.4375
121000 20.5625
121500 20.7031
122000 20.9531
122500 21.0469
123000 21.2969
123500 21.3906
124000 21.5781
124500 21.8594
125000 21.75
125500 22.2812
126000 22.1875
126500 22.2656
127000 22.4844
127500 22.5156
128000 22.9375
128500 23.1562
129000 23.3281
129500 23.5156
130000 23.6406
130500 23.7344
131000 24.1562
131500 24.4844
132000 24.5156
132500 24.8438
133000 24.8125
133500 25.0625
134000 25.1719
134500 25.4062
135000 25.625
135500 25.7656
136000 25.8594
136500 25.7812
137000 26.1719
137500 26.5469
138000 26.6406
138500 26.9844
139000 27.0312
139500 27.2344
140000 27.4375
140500 27.4375
141000 27.8281
141500 28.25
142000 28.0781
142500 28.5469
143000 28.8594
143500 29.125
144000 29.2031
144500 28.9219
145000 29.2031
145500 29.4219
146000 29.9062
146500 30.4531
147000 30.3125
147500 30.4375
148000 31.9062
148500 31.3281
149000 31.625
149500 31.5469
150000 31.6875
150500 33.0781
151000 32.7344
151500 32.0312
152000 32.4219
152500 32.5625
153000 32.75
153500 33.0625
154000 33.25
154500 33.75
155000 33.625
155500 33.75
156000 33.9688
156500 34.2031
157000 34.6406
157500 34.6719
158000 35.2969
158500 35.125
159000 35.0781
159500 35.3438
160000 35.75
160500 35.0625
161000 35.5469
161500 35.8125
162000 35.9375
162500 36.1875
163000 36.4062
163500 36.9531
164000 37.7031
164500 38.0469
165000 37.3594
165500 37.6406
166000 37.5
166500 37.8906
167000 38.8125
167500 39.5156
168000 39.6094
168500 39.5625
169000 39.875
169500 40.4062
170000 40.5781
170500 40.9688
171000 41.2656
171500 41.2969
172000 41.5625
172500 41.7812
173000 42.0781
173500 43.2656
174000 41.9688
174500 42.1719
175000 42.5312
175500 42.5312
176000 42.7031
176500 43.4375
177000 44.4844
177500 44.8594
178000 44.9688
178500 45.4062
179000 44.5625
179500 44.5156
180000 44.7969
180500 45.1094
181000 46.2812
181500 47.8438
182000 47.3438
182500 48.0938
183000 48.4531
183500 48.7344
184000 48.7656
184500 48.4844
185000 48.5156
185500 48.7031
186000 48.8906
186500 48.7031
187000 49.2031
187500 49.625
188000 49.9219
188500 50.2188
189000 50.4844
189500 50.7656
190000 51
190500 50.8125
191000 51.2812
191500 52.0156
192000 52.8125
192500 52.5625
193000 52.0156
193500 52.25
194000 52.5938
194500 52.6406
195000 52.9688
195500 53.5781
196000 54.2344
196500 53.7031
197000 54.7344
197500 55
198000 55.2031
198500 55.9375
199000 55.7812
199500 56.1875
200000 56.3594
