5000	0.01101 
5500	0.014044 
6000	0.015711 
6500	0.019689 
7000	0.022166 
7500	0.025472 
8000	0.028964 
8500	0.033596 
9000	0.036156 
9500	0.040782 
10000	0.043947 
10500	0.049001 
11000	0.053154 
11500	0.057936 
12000	0.064067 
12500	0.069569 
13000	0.075571 
13500	0.079171 
14000	0.086462 
14500	0.091049 
15000	0.095687 
15500	0.107724 
16000	0.112483 
16500	0.119433 
17000	0.127679 
17500	0.136936 
18000	0.143876 
18500	0.146386 
19000	0.154958 
19500	0.16638 
20000	0.172563 
20500	0.186003 
21000	0.191511 
21500	0.202786 
22000	0.210832 
22500	0.218303 
23000	0.233136 
23500	0.2433 
24000	0.241395 
24500	0.262467 
25000	0.272118 
25500	0.281683 
26000	0.293229 
26500	0.303225 
27000	0.314833 
27500	0.316682 
28000	0.341213 
28500	0.35407 
29000	0.365793 
29500	0.384107 
30000	0.393154 
30500	0.40368 
31000	0.420988 
31500	0.437572 
32000	0.445408 
32500	0.459002 
33000	0.463794 
33500	0.487474 
34000	0.498857 
34500	0.510977 
35000	0.531944 
35500	0.54872 
36000	0.56384 
36500	0.576894 
37000	0.593852 
37500	0.615567 
38000	0.618745 
38500	0.647662 
39000	0.655153 
39500	0.674402 
40000	0.70146 
40500	0.708925 
41000	0.720283 
41500	0.757419 
42000	0.76908 
42500	0.799295 
43000	0.806916 
43500	0.819451 
44000	0.836376 
44500	0.835014 
45000	0.875033 
45500	0.920241 
46000	0.933301 
46500	0.928444 
47000	0.957779 
47500	0.985794 
48000	1.00228 
48500	1.01928 
49000	1.03344 
49500	1.06303 
50000	1.06434 
50500	1.11229 
51000	1.12693 
51500	1.1608 
52000	1.18738 
52500	1.19113 
53000	1.21778 
53500	1.23071 
54000	1.26072 
54500	1.2909 
55000	1.2912 
55500	1.333 
56000	1.35831 
56500	1.38346 
57000	1.39902 
57500	1.42369 
58000	1.46119 
58500	1.48705 
59000	1.50762 
59500	1.55296 
60000	1.55938 
60500	1.61979 
61000	1.61773 
61500	1.6455 
62000	1.63532 
62500	1.68211 
63000	1.72633 
63500	1.75338 
64000	1.77209 
64500	1.81739 
65000	1.84592 
65500	1.86431 
66000	1.87077 
66500	1.9258 
67000	1.94304 
67500	1.98058 
68000	1.98766 
68500	2.02909 
69000	2.07781 
69500	2.0959 
70000	2.16999 
70500	2.14088 
71000	2.20253 
71500	2.26135 
72000	2.26527 
72500	2.27698 
73000	2.33736 
73500	2.35641 
74000	2.38654 
74500	2.42618 
75000	2.47073 
75500	2.54494 
76000	2.53686 
76500	2.55329 
77000	2.60859 
77500	2.64745 
78000	2.65697 
78500	2.70568 
79000	2.73031 
79500	2.76188 
80000	2.83433 
80500	2.83776 
81000	2.83089 
81500	2.91821 
82000	2.94534 
82500	2.99431 
83000	3.0288 
83500	3.07858 
84000	3.11509 
84500	3.17034 
85000	3.17347 
85500	3.22474 
86000	3.24446 
86500	3.28798 
87000	3.32659 
87500	3.35364 
88000	3.39048 
88500	3.44489 
89000	3.49125 
89500	3.52439 
90000	3.56856 
90500	3.60658 
91000	3.62307 
91500	3.68678 
92000	3.7311 
92500	3.75699 
93000	3.79964 
93500	3.83336 
94000	3.89832 
94500	3.93875 
95000	4.01134 
95500	4.02383 
96000	4.04527 
96500	4.06482 
97000	4.12012 
97500	4.1789 
98000	4.21679 
98500	4.226 
99000	4.27596 
99500	4.35856 
100000	4.36684 
100500	4.40149 
101000	4.45375 
101500	4.52163 
102000	4.59311 
102500	4.63247 
103000	4.655 
103500	4.68641 
104000	4.73967 
104500	4.9126 
105000	4.82169 
105500	4.85934 
106000	4.90972 
106500	4.96568 
107000	5.00755 
107500	5.0593 
108000	5.09863 
108500	5.14867 
109000	5.1801 
109500	5.31096 
110000	5.31693 
110500	5.35352 
111000	5.36306 
111500	5.39616 
112000	5.48101 
112500	5.52981 
113000	5.5688 
113500	5.62352 
114000	5.71003 
114500	5.73845 
115000	5.77256 
115500	5.81701 
116000	5.885 
116500	5.93428 
117000	5.98208 
117500	6.00441 
118000	6.06275 
118500	6.14693 
119000	6.20334 
119500	6.25234 
120000	6.29829 
120500	6.34343 
121000	6.38277 
121500	6.42645 
122000	6.58286 
122500	6.56328 
123000	6.60985 
123500	6.6826 
124000	6.76183 
124500	6.80799 
125000	6.8294 
125500	6.86608 
126000	6.88878 
126500	7.00013 
127000	7.09165 
127500	7.10028 
128000	7.13102 
128500	7.26065 
129000	7.25146 
129500	7.31034 
130000	7.377 
130500	7.43617 
131000	7.57954 
131500	7.52286 
132000	7.58519 
132500	7.64438 
133000	7.73637 
133500	7.82233 
134000	7.8218 
134500	7.88702 
135000	7.92343 
135500	7.98436 
136000	8.04048 
136500	8.0935 
137000	8.18567 
137500	8.20142 
138000	8.29846 
138500	8.3514 
139000	8.40906 
139500	8.56813 
140000	8.52124 
140500	8.61975 
141000	8.65002 
141500	8.70443 
142000	8.75416 
142500	8.86417 
143000	8.87616 
143500	9.06939 
144000	9.106 
144500	9.12424 
145000	9.12504 
145500	9.17491 
146000	9.2287 
146500	9.30001 
147000	9.38829 
147500	9.42769 
148000	9.54197 
148500	9.57539 
149000	9.62691 
149500	9.71391 
150000	9.75481 
150500	9.84111 
151000	9.88285 
151500	9.95503 
152000	10.0886 
152500	10.1456 
153000	10.2007 
153500	10.2228 
154000	10.2778 
154500	10.3072 
155000	10.4897 
155500	10.4839 
156000	10.5657 
156500	10.6123 
157000	10.6791 
157500	10.7722 
158000	10.8072 
158500	10.9284 
159000	10.964 
159500	11.0421 
160000	11.1506 
160500	11.2167 
161000	11.2505 
161500	11.3408 
162000	11.4272 
162500	11.5138 
163000	11.593 
163500	11.626 
164000	11.743 
164500	11.8208 
165000	11.8864 
165500	11.889 
166000	11.9957 
166500	12.0678 
167000	12.1913 
167500	12.2372 
168000	12.2898 
168500	12.3317 
169000	12.3516 
169500	12.5122 
170000	12.5875 
170500	12.6716 
171000	12.7126 
171500	12.7908 
172000	12.8437 
172500	12.8714 
173000	13.0065 
173500	13.0766 
174000	13.1069 
174500	13.2584 
175000	13.2959 
175500	13.4289 
176000	13.4849 
176500	13.5126 
177000	13.5952 
177500	13.6959 
178000	13.8566 
178500	13.8271 
179000	13.9039 
179500	13.9858 
180000	14.0871 
180500	14.1487 
181000	14.2791 
181500	14.253 
182000	14.3368 
182500	14.4819 
183000	14.4574 
183500	14.6514 
184000	14.6935 
184500	14.7714 
185000	14.7829 
185500	14.8915 
186000	14.9972 
186500	14.9875 
187000	15.2273 
187500	15.2264 
188000	15.3558 
188500	15.4414 
189000	15.5353 
189500	15.594 
190000	15.7193 
190500	15.7521 
191000	15.9224 
191500	15.9084 
192000	16.0258 
192500	16.0946 
193000	16.1881 
193500	16.4024 
194000	16.4581 
194500	16.4209 
195000	16.451 
195500	16.5937 
196000	16.7023 
196500	16.7704 
197000	16.8793 
197500	16.9271 
198000	17.0608 
198500	17.0414 
199000	17.1387 
199500	17.2771 
200000	17.3654 
