2000 0.000143
2500 0.000177
3000 0.000208
3500 0.000242
4000 0.000322
4500 0.000391
5000 0.000378
5500 0.000456
6000 0.000474
6500 0.000457
7000 0.000551
7500 0.000552
8000 0.000601
8500 0.000741
9000 0.000771
9500 0.000831
10000 0.000944
10500 0.000927
11000 0.000949
11500 0.000979
12000 0.001038
12500 0.000921
13000 0.00109
13500 0.001167
14000 0.001209
14500 0.001262
15000 0.001205
15500 0.001275
16000 0.00143
16500 0.001489
17000 0.001576
17500 0.00161
18000 0.001704
18500 0.00176
19000 0.001675
19500 0.001572
20000 0.001712
20500 0.002025
21000 0.001928
21500 0.00199
22000 0.002182
22500 0.002162
23000 0.001994
23500 0.002118
24000 0.002025
24500 0.001954
25000 0.001972
25500 0.002318
26000 0.002615
26500 0.002453
27000 0.002513
27500 0.002586
28000 0.002757
28500 0.002307
29000 0.002677
29500 0.002694
30000 0.002745
30500 0.003051
31000 0.003102
31500 0.002796
32000 0.003038
32500 0.002998
33000 0.003358
33500 0.003373
34000 0.003349
34500 0.00336
35000 0.003215
35500 0.002875
36000 0.003181
36500 0.00374
37000 0.003419
37500 0.003257
38000 0.003181
38500 0.003215
39000 0.003258
39500 0.003366
40000 0.003382
40500 0.003466
41000 0.003814
41500 0.003589
42000 0.003898
42500 0.003736
43000 0.003759
43500 0.00371
44000 0.003758
44500 0.004658
45000 0.003947
45500 0.004486
46000 0.00394
46500 0.004104
47000 0.004922
47500 0.004881
48000 0.004217
48500 0.004502
49000 0.004796
49500 0.005074
50000 0.004308
50500 0.004404
51000 0.005067
51500 0.004762
52000 0.004559
52500 0.004543
53000 0.005584
53500 0.005377
54000 0.004942
54500 0.004853
55000 0.00487
55500 0.005086
56000 0.005848
56500 0.005648
57000 0.005101
57500 0.005931
58000 0.005918
58500 0.006106
59000 0.005459
59500 0.005487
60000 0.005268
60500 0.006302
61000 0.005326
61500 0.006343
62000 0.005568
62500 0.005966
63000 0.005887
63500 0.006703
64000 0.00564
64500 0.00571
65000 0.006233
65500 0.006819
66000 0.00693
66500 0.006614
67000 0.006332
67500 0.006062
68000 0.006631
68500 0.007052
69000 0.006043
69500 0.006227
70000 0.006238
70500 0.006278
71000 0.006184
71500 0.00636
72000 0.006361
72500 0.006448
73000 0.00645
73500 0.006708
74000 0.006509
74500 0.006672
75000 0.006773
75500 0.007173
76000 0.006676
76500 0.006788
77000 0.007327
77500 0.007032
78000 0.007004
78500 0.007812
79000 0.008516
79500 0.007801
80000 0.007607
80500 0.008521
81000 0.008426
81500 0.007607
82000 0.007787
82500 0.007596
83000 0.007833
83500 0.008058
84000 0.008245
84500 0.007943
85000 0.007746
85500 0.008033
86000 0.008193
86500 0.00788
87000 0.00878
87500 0.009272
88000 0.007872
88500 0.008299
89000 0.008628
89500 0.008259
90000 0.008283
90500 0.008284
91000 0.008426
91500 0.008365
92000 0.008333
92500 0.008358
93000 0.008667
93500 0.008637
94000 0.009142
94500 0.010642
95000 0.009354
95500 0.009458
96000 0.008792
96500 0.011988
97000 0.010393
97500 0.010146
98000 0.009643
98500 0.010326
99000 0.009912
99500 0.010384
100000 0.010935
100500 0.010219
101000 0.010515
101500 0.010088
102000 0.011445
102500 0.009189
103000 0.011788
103500 0.010103
104000 0.009698
104500 0.011246
105000 0.010863
105500 0.010455
106000 0.012568
106500 0.010691
107000 0.010564
107500 0.00983
108000 0.009801
108500 0.011554
109000 0.013033
109500 0.010234
110000 0.010459
110500 0.010188
111000 0.010743
111500 0.011186
112000 0.010127
112500 0.010121
113000 0.013052
113500 0.010916
114000 0.011819
114500 0.01118
115000 0.011923
115500 0.011533
116000 0.01046
116500 0.010613
117000 0.010577
117500 0.013253
118000 0.013509
118500 0.01208
119000 0.011361
119500 0.01261
120000 0.012017
120500 0.011139
121000 0.014527
121500 0.011612
122000 0.013937
122500 0.012585
123000 0.011125
123500 0.01459
124000 0.011575
124500 0.011783
125000 0.011604
125500 0.012644
126000 0.011626
126500 0.011619
127000 0.013442
127500 0.011955
128000 0.012886
128500 0.013777
129000 0.013816
129500 0.014427
130000 0.012275
130500 0.012553
131000 0.012006
131500 0.012569
132000 0.013413
132500 0.013713
133000 0.012636
133500 0.012815
134000 0.012757
134500 0.012815
135000 0.014641
135500 0.012545
136000 0.012994
136500 0.015588
137000 0.012957
137500 0.015137
138000 0.013111
138500 0.012726
139000 0.013169
139500 0.012871
140000 0.013512
140500 0.014957
141000 0.014804
141500 0.013205
142000 0.01311
142500 0.013916
143000 0.013315
143500 0.013541
144000 0.013267
144500 0.016345
145000 0.013784
145500 0.016599
146000 0.014095
146500 0.01576
147000 0.014109
147500 0.014212
148000 0.015862
148500 0.013977
149000 0.015926
149500 0.013796
150000 0.01589
150500 0.015709
151000 0.014554
151500 0.015382
152000 0.015343
152500 0.014299
153000 0.01467
153500 0.017029
154000 0.015248
154500 0.014552
155000 0.014265
155500 0.014575
156000 0.016816
156500 0.014863
157000 0.015672
157500 0.018196
158000 0.016462
158500 0.015202
159000 0.021115
159500 0.015551
160000 0.016273
160500 0.015444
161000 0.015068
161500 0.01947
162000 0.016814
162500 0.021813
163000 0.017829
163500 0.018178
164000 0.015452
164500 0.017222
165000 0.018481
165500 0.015368
166000 0.015576
166500 0.017058
167000 0.019197
167500 0.016202
168000 0.020174
168500 0.015567
169000 0.017367
169500 0.016034
170000 0.017566
170500 0.016572
171000 0.01834
171500 0.016271
172000 0.018543
172500 0.016678
173000 0.016665
173500 0.019845
174000 0.017358
174500 0.019088
175000 0.019231
175500 0.020511
176000 0.016902
176500 0.018434
177000 0.019526
177500 0.016991
178000 0.018212
178500 0.017611
179000 0.017943
179500 0.017867
180000 0.017223
180500 0.016927
181000 0.016824
181500 0.019384
182000 0.017639
182500 0.021385
183000 0.017653
183500 0.017692
184000 0.017498
184500 0.01778
185000 0.017755
185500 0.017489
186000 0.018185
186500 0.018231
187000 0.019646
187500 0.01838
188000 0.019441
188500 0.018609
189000 0.018675
189500 0.017792
190000 0.022709
190500 0.018862
191000 0.020488
191500 0.017981
192000 0.018854
192500 0.019712
193000 0.023776
193500 0.019194
194000 0.018741
194500 0.018598
195000 0.022332
195500 0.020066
196000 0.020323
196500 0.019436
197000 0.019837
197500 0.018947
198000 0.019128
198500 0.020037
199000 0.019082
199500 0.019021
200000 0.019917
