2000 0.000724
2500 0.000897
3000 0.001123
3500 0.00138
4000 0.001519
4500 0.001784
5000 0.002033
5500 0.002166
6000 0.002324
6500 0.002599
7000 0.002785
7500 0
8000 0.002663
8500 0.002805
9000 0.003048
9500 0.003244
10000 0.003379
10500 0.003596
11000 0.003716
11500 0.003803
12000 0.004112
12500 0.004241
13000 0.004483
13500 0.004759
14000 0.004785
14500 0.00498
15000 0.00514
15500 0.005345
16000 0.005566
16500 0.005748
17000 0.005897
17500 0.006017
18000 0.006205
18500 0.006429
19000 0.006599
19500 0.00886
20000 0.006957
20500 0.007071
21000 0.00739
21500 0.007526
22000 0.007723
22500 0.007898
23000 0.008616
23500 0.008265
24000 0.011114
24500 0.010604
25000 0.00895
25500 0.008813
26000 0.009284
26500 0.009373
27000 0.009541
27500 0.009742
28000 0.009974
28500 0.010259
29000 0.012362
29500 0.010586
30000 0.010733
30500 0.01077
31000 0.010959
31500 0.011327
32000 0.011548
32500 0.013261
33000 0.013742
33500 0.012154
34000 0.01358
34500 0.012608
35000 0.014099
35500 0.012844
36000 0.013065
36500 0.013523
37000 0.013247
37500 0.01369
38000 0.013913
38500 0.013982
39000 0.014091
39500 0.016238
40000 0.014386
40500 0.01464
41000 0.015043
41500 0.015405
42000 0.015544
42500 0.015464
43000 0.01743
43500 0.016274
44000 0.016094
44500 0.016087
45000 0.016472
45500 0.016944
46000 0.016766
46500 0.018861
47000 0.019739
47500 0.017854
48000 0.018838
48500 0.01772
49000 0.018007
49500 0.018705
50000 0.019998
50500 0.020513
51000 0.018635
51500 0.022539
52000 0.019567
52500 0.021473
53000 0.01977
53500 0.021408
54000 0.019737
54500 0.021202
55000 0.02023
55500 0.020419
56000 0.020661
56500 0.021042
57000 0.021045
57500 0.021762
58000 0.021311
58500 0.021492
59000 0.022085
59500 0.022401
60000 0.022275
60500 0.023224
61000 0.025103
61500 0.022788
62000 0.022969
62500 0.023373
63000 0.025525
63500 0.02578
64000 0.02389
64500 0.024371
65000 0.024577
65500 0.024949
66000 0.02658
66500 0.024772
67000 0.0261
67500 0.025291
68000 0.026157
68500 0.025822
69000 0.031013
69500 0.026017
70000 0.026098
70500 0.026137
71000 0.030738
71500 0.026905
72000 0.027077
72500 0.027849
73000 0.027291
73500 0.027879
74000 0.027764
74500 0.027837
75000 0.028503
75500 0.030584
76000 0.028718
76500 0.028875
77000 0.029067
77500 0.029441
78000 0.029301
78500 0.035292
79000 0.031619
79500 0.029877
80000 0.033198
80500 0.030417
81000 0.030545
81500 0.030975
82000 0.031288
82500 0.031393
83000 0.031687
83500 0.03341
84000 0.032143
84500 0.031932
85000 0.032163
85500 0.032491
86000 0.032888
86500 0.032815
87000 0.03312
87500 0.036578
88000 0.03355
88500 0.035287
89000 0.037497
89500 0.030634
90000 0.034267
90500 0.034067
91000 0.034599
91500 0.034778
92000 0.039712
92500 0.035334
93000 0.035604
93500 0.039678
94000 0.036453
94500 0.036636
95000 0.036029
95500 0.03645
96000 0.039426
96500 0.037466
97000 0.036792
97500 0.037127
98000 0.037349
98500 0.039555
99000 0.03816
99500 0.041715
100000 0.04265
100500 0.038526
101000 0.039659
101500 0.038888
102000 0.039166
102500 0.044603
103000 0.044252
103500 0.039558
104000 0.043721
104500 0.039845
105000 0.040968
105500 0.040679
106000 0.041298
106500 0.048884
107000 0.040968
107500 0.041442
108000 0.042023
108500 0.04189
109000 0.045684
109500 0.04293
110000 0.042483
110500 0.043743
111000 0.043719
111500 0.043367
112000 0.045664
112500 0.043858
113000 0.044347
113500 0.044304
114000 0.045075
114500 0.045117
115000 0.044575
115500 0.045765
116000 0.04791
116500 0.047375
117000 0.045805
117500 0.047052
118000 0.04653
118500 0.047416
119000 0.046229
119500 0.04625
120000 0.046806
120500 0.046402
121000 0.046875
121500 0.047081
122000 0.048129
122500 0.047846
123000 0.049121
123500 0.048478
124000 0.050792
124500 0.048433
125000 0.048584
125500 0.048437
126000 0.049392
126500 0.048976
127000 0.050426
127500 0.049697
128000 0.049788
128500 0.050628
129000 0.050595
129500 0.050691
130000 0.050722
130500 0.052229
131000 0.052957
131500 0.051685
132000 0.051742
132500 0.051575
133000 0.055252
133500 0.053235
134000 0.05265
134500 0.054217
135000 0.053839
135500 0.053906
136000 0.053227
136500 0.053743
137000 0.054552
137500 0.054382
138000 0.053979
138500 0.056797
139000 0.055667
139500 0.056273
140000 0.055139
140500 0.054828
141000 0.05639
141500 0.05584
142000 0.056513
142500 0.056721
143000 0.05674
143500 0.056396
144000 0.057838
144500 0.056719
145000 0.061089
145500 0.059033
146000 0.057037
146500 0.057882
147000 0.060434
147500 0.058445
148000 0.05857
148500 0.05944
149000 0.061936
149500 0.058347
150000 0.060473
150500 0.059648
151000 0.058485
151500 0.060064
152000 0.061542
152500 0.059897
153000 0.060488
153500 0.061272
154000 0.061906
154500 0.061083
155000 0.060992
155500 0.061991
156000 0.062557
156500 0.065198
157000 0.06297
157500 0.063387
158000 0.064477
158500 0.064226
159000 0.064748
159500 0.062589
160000 0.064375
160500 0.063758
161000 0.064135
161500 0.06418
162000 0.064979
162500 0.064843
163000 0.064616
163500 0.066672
164000 0.064422
164500 0.064641
165000 0.068071
165500 0.065495
166000 0.065539
166500 0.06622
167000 0.066262
167500 0.066938
168000 0.066835
168500 0.067535
169000 0.06755
169500 0.067023
170000 0.068424
170500 0.068455
171000 0.068096
171500 0.068296
172000 0.069476
172500 0.069089
173000 0.06917
173500 0.068668
174000 0.069779
174500 0.069366
175000 0.070089
175500 0.070872
176000 0.070243
176500 0.07036
177000 0.07064
177500 0.070975
178000 0.071442
178500 0.073342
179000 0.072218
179500 0.073181
180000 0.072562
180500 0.072334
181000 0.072953
181500 0.072108
182000 0.074706
182500 0.074192
183000 0.072539
183500 0.073098
184000 0.073024
184500 0.074135
185000 0.073789
185500 0.073625
186000 0.076931
186500 0.075663
187000 0.075951
187500 0.07473
188000 0.074728
188500 0.075161
189000 0.075545
189500 0.074648
190000 0.075427
190500 0.075386
191000 0.078181
191500 0.076304
192000 0.075971
192500 0.076019
193000 0.076409
193500 0.076849
194000 0.078872
194500 0.077807
195000 0.077618
195500 0.078325
196000 0.077683
196500 0.078818
197000 0.07959
197500 0.078312
198000 0.079066
198500 0.079052
199000 0.078604
199500 0.079213
200000 0.080223
