2000 0.015625
2500 0.015625
3000 0.03125
3500 0.015625
4000 0.03125
4500 0.046875
5000 0.0625
5500 0.078125
6000 0.09375
6500 0.109375
7000 0.125
7500 0.15625
8000 0.171875
8500 0.1875
9000 0.21875
9500 0.25
10000 0.296875
10500 0.3125
11000 0.359375
11500 0.390625
12000 0.421875
12500 0.46875
13000 0.5
13500 0.546875
14000 0.609375
14500 0.625
15000 0.6875
15500 0.734375
16000 0.78125
16500 0.796875
17000 0.890625
17500 0.953125
18000 1.03125
18500 1.07812
19000 1.07812
19500 1.17188
20000 1.25
20500 1.3125
21000 1.35938
21500 1.4375
22000 1.5
22500 1.57812
23000 1.65625
23500 1.70312
24000 1.78125
24500 1.82812
25000 1.96875
25500 2.03125
26000 2.125
26500 2.20312
27000 2.3125
27500 2.40625
28000 2.46875
28500 2.5625
29000 2.59375
29500 2.75
30000 2.85938
30500 2.95312
31000 2.96875
31500 3.15625
32000 3.20312
32500 3.375
33000 3.40625
33500 3.54688
34000 3.6875
34500 3.70312
35000 3.89062
35500 4.07812
36000 4.17188
36500 4.32812
37000 4.39062
37500 4.39062
38000 4.64062
38500 4.625
39000 4.89062
39500 4.98438
40000 5.10938
40500 5.125
41000 5.42188
41500 5.42188
42000 5.6875
42500 5.78125
43000 5.76562
43500 6.14062
44000 6.3125
44500 6.20312
45000 6.4375
45500 6.5625
46000 6.78125
46500 6.79688
47000 7.0625
47500 7.15625
48000 7.42188
48500 7.57812
49000 7.65625
49500 8.28125
50000 8.67188
50500 8.875
51000 9
51500 9.23438
52000 9.20312
52500 9.1875
53000 9.125
53500 9.32812
54000 9.65625
54500 9.875
55000 10.0469
55500 10.1094
56000 10.4219
56500 10.6406
57000 11.0312
57500 11.2812
58000 11.4531
58500 11.6562
59000 12.2656
59500 12.375
60000 12.3594
60500 12.3438
61000 12.6406
61500 12.75
62000 13.0625
62500 13.25
63000 13.2812
63500 13.4062
64000 13.6875
64500 13.8125
65000 14
65500 13.8906
66000 14.5
66500 14.4219
67000 14.8594
67500 15.0156
68000 15.1719
68500 15.7031
69000 15.7656
69500 16.25
70000 16.4844
70500 16.6094
71000 16.8125
71500 17.0156
72000 16.7344
72500 17.625
73000 17.8281
73500 17.5312
74000 18.0312
74500 18.5781
75000 19
75500 19.1094
76000 18.6875
76500 19.2188
77000 19.6562
77500 19.8594
78000 20.2656
78500 19.9531
79000 20.7969
79500 21.0781
80000 21.2188
80500 21.5312
81000 22.1094
81500 22.2969
82000 22.375
82500 22.4219
83000 22.5156
83500 23.2812
84000 23.4844
84500 23.5312
85000 24.0156
85500 24.5938
86000 24.5938
86500 24.9219
87000 25.3906
87500 25.8125
88000 25.1562
88500 24.9062
89000 25.25
89500 25.5312
90000 26.3125
90500 26.0781
91000 26.625
91500 26.5938
92000 27.625
92500 27.9844
93000 27.4375
93500 27.7969
94000 28.9219
94500 28.6406
95000 29.6719
95500 29.1719
96000 29
96500 29.7188
97000 31.1719
97500 30.1719
98000 31.0156
98500 31.625
99000 32.125
99500 31.4375
100000 32.0938
100500 32.75
101000 32.4531
101500 33.9531
102000 34.4531
102500 34.3438
103000 34.4844
103500 34.0781
104000 35.7812
104500 35.5781
105000 36.0156
105500 35.7344
106000 36.7031
106500 36.5
107000 37.1719
107500 36.8281
108000 37.5
108500 38.5625
109000 37.8125
109500 38.2812
110000 38.7812
110500 39.9531
111000 39.125
111500 39.3438
112000 41.1875
112500 41.5938
113000 41.0312
113500 42.1562
114000 42.4375
114500 42.2812
115000 41.9531
115500 42.5938
116000 43.7656
116500 43.0781
117000 43.8438
117500 44.3594
118000 45.4219
118500 44.4531
119000 46.9688
119500 45.1406
120000 46.3281
120500 47.875
121000 47.0469
121500 47.0938
122000 48.5312
122500 48.3125
123000 49.5469
123500 49.9688
124000 50.5781
124500 48.9844
125000 50.2188
125500 50.4844
126000 51.9219
126500 50.8438
127000 52.1094
127500 53.7969
128000 52.1406
128500 53.875
129000 55
129500 55.3594
130000 55.2031
130500 54.4219
131000 55.7812
131500 54.9688
132000 57
132500 56.9375
133000 56.625
133500 57.6406
134000 58.9844
134500 58.2188
135000 58.3594
135500 59.7969
136000 60.3438
136500 60.0156
137000 62.1094
137500 62.0156
138000 62.2344
138500 61.2344
139000 61.625
139500 63.6094
140000 62.9688
140500 63.0312
141000 63.2031
141500 63.4531
142000 64.1719
142500 65.9844
143000 65.7188
143500 66.25
144000 68.6719
144500 68.125
145000 68.5
145500 67.9062
146000 70.75
146500 69.5625
147000 70.375
147500 70.3438
148000 70.9062
148500 70.5625
149000 70.6562
149500 72.5625
150000 73.5156
150500 73.9531
151000 74.2812
151500 74.7812
152000 73.3281
152500 75.7188
153000 74.4531
153500 76.25
154000 76.4844
154500 77.9844
155000 76.8125
155500 79.2969
156000 79.5
156500 78.9062
157000 81.0781
157500 81.0312
158000 80.7812
158500 82.1094
159000 83.7344
159500 82.4688
160000 83.7031
160500 84.2188
161000 85.1719
161500 85.3906
162000 85.5781
162500 86.0625
163000 86.5938
163500 88.0781
164000 88.2656
164500 86.6562
165000 87.8906
165500 89.5938
166000 88.1875
166500 88.1406
167000 89.5938
167500 90.2344
168000 92.7656
168500 91.1094
169000 90.8438
169500 92.2188
170000 92.9062
170500 93.7188
171000 93.2969
171500 94.0781
172000 95.1875
172500 96.75
173000 97.25
173500 98.2969
174000 98.7031
174500 99.6719
175000 100.016
175500 97.8906
176000 98.8281
176500 101.859
177000 102.25
177500 102.406
178000 102.812
178500 104.594
179000 104.656
179500 103.938
180000 103.109
180500 104.281
181000 104.469
181500 106.094
182000 105.844
182500 108.094
183000 108.328
183500 107.672
184000 108.812
184500 109.406
185000 109.969
185500 112.375
186000 111.688
186500 113.188
187000 112.031
187500 114.906
188000 114.156
188500 116.172
189000 116.281
189500 117.344
190000 117.703
190500 118.609
191000 118.656
191500 119.922
192000 119.844
192500 118.969
193000 120.406
193500 122.188
194000 119.469
194500 121.781
195000 124.25
195500 122.25
196000 125.328
196500 124.375
197000 125.406
197500 126.344
198000 126.953
198500 125.969
199000 128.812
199500 129.969
200000 131.75
