0
0
0.015625
0.015625
0.015625
0.015625
0.046875
0.046875
0.03125
0.046875
0.0625
0.0625
0.0625
0.09375
0.09375
0.109375
0.109375
0.140625
0.140625
0.15625
0.171875
0.1875
0.203125
0.234375
0.234375
0.265625
0.265625
0.28125
0.3125
0.328125
0.359375
0.390625
0.40625
0.421875
0.4375
0.46875
0.5
0.515625
0.546875
0.578125
0.59375
0.640625
0.625
0.6875
0.71875
0.75
0.765625
0.796875
0.8125
0.859375
0.890625
0.9375
0.9375
0.984375
1.04688
1.0625
1.10938
1.14062
1.1875
1.20312
1.23438
1.28125
1.32812
1.39062
1.40625
1.48438
1.46875
1.5625
1.59375
1.625
1.6875
1.6875
1.73438
1.79688
1.85938
1.90625
1.96875
2.01562
2
2.0625
2.09375
2.21875
2.21875
2.29688
2.39062
2.375
2.45312
2.57812
2.57812
2.57812
2.71875
2.76562
2.875
2.90625
2.96875
2.9375
3.10938
3.09375
3.1875
3.20312
3.3125
3.40625
3.48438
3.46875
3.51562
3.64062
3.67188
3.73438
3.875
3.89062
3.96875
4.04688
4.01562
4.07812
4.20312
4.32812
4.42188
4.42188
4.59375
4.625
4.70312
4.79688
4.84375
4.95312
5.01562
5.125
5.1875
5.28125
5.34375
5.6875
5.78125
5.8125
5.65625
5.78125
5.75
5.82812
6.01562
6.10938
6
6.25
6.21875
6.51562
6.51562
6.4375
6.8125
6.60938
6.92188
7.0625
7.0625
7.04688
7.28125
7.28125
7.45312
7.40625
7.59375
7.85938
7.8125
7.96875
8.07812
8.25
8.23438
8.35938
8.48438
8.375
8.40625
8.78125
8.76562
9.01562
8.98438
9.03125
9
9.375
9.23438
9.54688
9.59375
9.82812
9.76562
9.78125
10.2031
10.3281
10.3125
10.2344
10.5938
10.6719
10.6562
10.6562
10.9375
11.1719
11.0938
11.3906
11.2812
11.6875
11.5625
11.875
11.9375
12.1094
12.1094
12.4062
12.6875
12.625
12.5938
12.8906
13.1875
12.8594
13.0469
13.1719
13.2656
13.6719
13.7812
13.9688
14.125
14.2031
14.4531
14.3438
14.5781
14.4062
14.8281
15.0625
14.9219
14.8906
15.0625
15.2969
15.375
15.5156
15.9375
16.1719
16.2344
15.9531
16.6562
16.8281
16.75
16.8594
16.9844
16.8438
16.9219
17.4062
17.2188
17.7656
17.9375
18.125
18.1562
18.2031
18.1719
18.7188
18.7188
18.8438
18.8438
19.1719
19.25
19.2031
19.5312
19.4531
20.0312
20.4375
20.2812
20.625
20.6719
20.5312
20.6094
20.7812
20.8438
21.3906
21.5
21.875
21.8125
21.9531
22.0781
22.875
22.2656
22.4688
22.8594
23.1094
23.25
23.5
23.4844
23.7188
23.4531
24
23.875
23.9531
24.5156
24.2656
24.8594
25.2812
25.4531
25.0469
25.3125
25.5938
25.75
26.1875
26.2656
26.7031
26.5938
26.4531
26.7812
26.7188
27.4531
27.125
27.8906
27.8125
28.0938
28.125
28.0781
28.3125
29.0312
28.7031
29.0938
29.6562
29.2188
29.3594
29.7812
29.8906
30.1094
30.5
30.3438
30.6406
31
30.9531
31.1406
31.4531
31.4219
32.5469
32.2656
32.4219
32.9844
33.2344
32.5312
33.3438
33.6406
33.8906
34.3125
34.4219
34.6406
34.625
34.7812
35.2812
35.4688
35.5
35.7344
35.8438
36.1719
36.8125
36.5312
36.8281
37.1562
37.875
37.6719
37.7812
38.125
38.5469
38.1094
38.75
38.6562
38.6562
39.5312
38.4219
39.1719
39.6719
40.6875
40.5
40.5781
40.6719
40.9688
41.3125
41
40.9062
41.4062
42.3281
42.5938
42.2344
42.7812
42.6875
42.9688
42.7031
43.125
44.4219
44.3438
44.3281
43.875
43.8594
44.9688
44.5938
45.7969
45.5469
45.1094
46.4688
45.7344
45.8125
46.7812
47
46.7344
47.8906
48.0938
47.75
49.2656
49.5156
49.1875
