5000	0.015625 
5500	0 
6000	0.015625 
6500	0.015625 
7000	0.015625 
7500	0.015625 
8000	0.03125 
8500	0.03125 
9000	0.03125 
9500	0.046875 
10000	0.046875 
10500	0.046875 
11000	0.0625 
11500	0.046875 
12000	0.0625 
12500	0.078125 
13000	0.078125 
13500	0.078125 
14000	0.078125 
14500	0.078125 
15000	0.09375 
15500	0.109375 
16000	0.109375 
16500	0.125 
17000	0.125 
17500	0.125 
18000	0.140625 
18500	0.140625 
19000	0.140625 
19500	0.15625 
20000	0.171875 
20500	0.1875 
21000	0.1875 
21500	0.203125 
22000	0.21875 
22500	0.21875 
23000	0.21875 
23500	0.234375 
24000	0.234375 
24500	0.265625 
25000	0.265625 
25500	0.28125 
26000	0.296875 
26500	0.296875 
27000	0.3125 
27500	0.3125 
28000	0.328125 
28500	0.34375 
29000	0.359375 
29500	0.375 
30000	0.375 
30500	0.40625 
31000	0.40625 
31500	0.421875 
32000	0.421875 
32500	0.453125 
33000	0.46875 
33500	0.484375 
34000	0.484375 
34500	0.5 
35000	0.515625 
35500	0.546875 
36000	0.546875 
36500	0.546875 
37000	0.59375 
37500	0.59375 
38000	0.609375 
38500	0.609375 
39000	0.640625 
39500	0.640625 
40000	0.671875 
40500	0.703125 
41000	0.703125 
41500	0.734375 
42000	0.75 
42500	0.75 
43000	0.78125 
43500	0.8125 
44000	0.828125 
44500	0.859375 
45000	0.84375 
45500	0.875 
46000	0.90625 
46500	0.90625 
47000	0.921875 
47500	0.9375 
48000	0.984375 
48500	0.984375 
49000	1.03125 
49500	1.01562 
50000	1.04688 
50500	1.07812 
51000	1.07812 
51500	1.14062 
52000	1.15625 
52500	1.1875 
53000	1.17188 
53500	1.20312 
54000	1.23438 
54500	1.26562 
55000	1.26562 
55500	1.32812 
56000	1.29688 
56500	1.375 
57000	1.40625 
57500	1.42188 
58000	1.42188 
58500	1.4375 
59000	1.48438 
59500	1.51562 
60000	1.54688 
60500	1.5625 
61000	1.5625 
61500	1.59375 
62000	1.64062 
62500	1.67188 
63000	1.67188 
63500	1.73438 
64000	1.76562 
64500	1.75 
65000	1.78125 
65500	1.82812 
66000	1.84375 
66500	1.85938 
67000	1.92188 
67500	1.90625 
68000	1.98438 
68500	1.96875 
69000	2.01562 
69500	2.07812 
70000	2.04688 
70500	2.07812 
71000	2.15625 
71500	2.15625 
72000	2.21875 
72500	2.25 
73000	2.29688 
73500	2.28125 
74000	2.29688 
74500	2.32812 
75000	2.40625 
75500	2.45312 
76000	2.4375 
76500	2.5 
77000	2.5625 
77500	2.51562 
78000	2.54688 
78500	2.60938 
79000	2.60938 
79500	2.73438 
80000	2.76562 
80500	2.70312 
81000	2.73438 
81500	2.78125 
82000	2.8125 
82500	2.84375 
83000	2.95312 
83500	3 
84000	2.96875 
84500	3.0625 
85000	3.04688 
85500	3.07812 
86000	3.10938 
86500	3.125 
87000	3.17188 
87500	3.21875 
88000	3.29688 
88500	3.3125 
89000	3.32812 
89500	3.375 
90000	3.42188 
90500	3.4375 
91000	3.45312 
91500	3.59375 
92000	3.54688 
92500	3.60938 
93000	3.6875 
93500	3.67188 
94000	3.76562 
94500	3.78125 
95000	3.875 
95500	3.9375 
96000	3.9375 
96500	3.90625 
97000	3.95312 
97500	4 
98000	4.0625 
98500	4.14062 
99000	4.125 
99500	4.25 
100000	4.20312 
100500	4.32812 
101000	4.34375 
101500	4.375 
102000	4.35938 
102500	4.4375 
103000	4.54688 
103500	4.5625 
104000	4.59375 
104500	4.57812 
105000	4.625 
105500	4.76562 
106000	4.70312 
106500	4.84375 
107000	4.85938 
107500	4.85938 
108000	4.90625 
108500	4.95312 
109000	5.09375 
109500	5.09375 
110000	5.17188 
110500	5.20312 
111000	5.28125 
111500	5.21875 
112000	5.39062 
112500	5.34375 
113000	5.3125 
113500	5.53125 
114000	5.5625 
114500	5.5625 
115000	5.625 
115500	5.8125 
116000	5.90625 
116500	5.92188 
117000	5.875 
117500	5.76562 
118000	5.95312 
118500	5.98438 
119000	5.95312 
119500	6.07812 
120000	6.14062 
120500	6.14062 
121000	6.26562 
121500	6.15625 
122000	6.23438 
122500	6.29688 
123000	6.35938 
123500	6.39062 
124000	6.60938 
124500	6.625 
125000	6.6875 
125500	6.70312 
126000	6.76562 
126500	6.84375 
127000	6.89062 
127500	6.79688 
128000	6.96875 
128500	7.07812 
129000	7.01562 
129500	7.07812 
130000	7.21875 
130500	7.14062 
131000	7.20312 
131500	7.375 
132000	7.32812 
132500	7.34375 
133000	7.59375 
133500	7.5625 
134000	7.6875 
134500	7.65625 
135000	7.65625 
135500	7.70312 
136000	7.92188 
136500	7.82812 
137000	7.90625 
137500	7.92188 
138000	8.125 
138500	8.25 
139000	8.125 
139500	8.3125 
140000	8.26562 
140500	8.32812 
141000	8.28125 
141500	8.57812 
142000	8.59375 
142500	8.5 
143000	8.60938 
143500	8.6875 
144000	8.73438 
144500	8.85938 
145000	8.79688 
145500	9.03125 
146000	8.98438 
146500	8.96875 
147000	9.20312 
147500	9.29688 
148000	9.20312 
148500	9.46875 
149000	9.35938 
149500	9.39062 
150000	9.625 
150500	9.5 
151000	9.53125 
151500	9.8125 
152000	9.90625 
152500	9.79688 
153000	9.98438 
153500	9.82812 
154000	9.96875 
154500	10.0156 
155000	10.3281 
155500	10.125 
156000	10.375 
156500	10.25 
157000	10.4688 
157500	10.4844 
158000	10.6562 
158500	10.5312 
159000	10.6875 
159500	10.75 
160000	10.9062 
160500	10.7812 
161000	10.9062 
161500	11.0781 
162000	11.2344 
162500	11.125 
163000	11.2969 
163500	11.3125 
164000	11.5312 
164500	11.3906 
165000	11.4219 
165500	11.6562 
166000	11.6562 
166500	11.5781 
167000	11.9219 
167500	11.9844 
168000	11.9844 
168500	11.8906 
169000	12.0312 
169500	12.0625 
170000	12.375 
170500	12.2188 
171000	12.5469 
171500	12.3594 
172000	12.5312 
172500	12.75 
173000	12.8125 
173500	12.625 
174000	12.7344 
174500	12.7969 
175000	12.7969 
175500	13.2344 
176000	13.2969 
176500	13.1094 
177000	13.3438 
177500	13.2344 
178000	13.3125 
178500	13.5469 
179000	13.4219 
179500	13.5938 
180000	13.5938 
180500	13.6875 
181000	14.0156 
181500	13.9219 
182000	14.0469 
182500	14.0156 
183000	14.2812 
183500	14.2656 
184000	14.4688 
184500	14.2812 
185000	14.3594 
185500	14.4375 
186000	14.6719 
186500	14.9219 
187000	15.0312 
187500	14.7031 
188000	14.9688 
188500	15.2656 
189000	14.9375 
189500	15.0156 
190000	15.1562 
190500	15.2656 
191000	15.2812 
191500	15.75 
192000	15.7344 
192500	15.75 
193000	15.5625 
193500	15.7031 
194000	16 
194500	15.7969 
195000	16.125 
195500	16 
196000	16.2656 
196500	16.1406 
197000	16.5156 
197500	16.5469 
198000	16.4531 
198500	16.6875 
199000	16.8906 
199500	16.7344 
200000	17.1719 
