
2000 0.024086
2500 0.034996
3000 0.050647
3500 0.074931
4000 0.089792
4500 0.122522
5000 0.14078
5500 0.174531
6000 0.202762
6500 0.236137
7000 0.272504
7500 0.313905
8000 0.388443
8500 0.403378
9000 0.458111
9500 0.511828
10000 0.560634
10500 0.65771
11000 0.672731
11500 0.757381
12000 0.854759
12500 0.875764
13000 0.936504
13500 1.00404
14000 1.09171
14500 1.24438
15000 1.24601
15500 1.31238
16000 1.41103
16500 1.54399
17000 1.60659
17500 1.7634
18000 1.81053
18500 1.97809
19000 2.02321
19500 2.11832
20000 2.23165
20500 2.33229
21000 2.36371
21500 2.55427
22000 2.69008
22500 2.86552
23000 2.95454
23500 3.10218
24000 3.23326
24500 3.36011
25000 3.47258
25500 3.61902
26000 3.77724
26500 3.91308
27000 4.06392
27500 4.2397
28000 4.36962
28500 4.55144
29000 4.66834
29500 4.88462
30000 5.03336
30500 5.20201
31000 5.32859
31500 5.55528
32000 5.80379
32500 5.95305
33000 6.14659
33500 6.27163
34000 6.33065
34500 6.77117
35000 6.88301
35500 7.09735
36000 7.53736
36500 7.51042
37000 7.55614
37500 7.78753
38000 8.09028
38500 8.18674
39000 8.56644
39500 8.71904
40000 8.75623
40500 9.22064
41000 9.60281
41500 10.0704
42000 9.86689
42500 9.98018
43000 10.316
43500 11.2484
44000 10.8602
44500 11.1393
45000 11.2902
45500 11.1235
46000 11.8232
46500 12.048
47000 12.4891
47500 12.5419
48000 12.7873
48500 13.2167
49000 13.3638
49500 13.9483
50000 14.2755
50500 14.6223
51000 14.5379
51500 14.593
52000 14.966
52500 15.4148
53000 15.2039
53500 16.2035
54000 16.5519
54500 16.7196
55000 16.8469
55500 17.2877
56000 17.435
56500 17.7178
57000 18.0084
57500 18.4157
58000 18.7576
58500 19.2629
59000 19.5963
59500 19.6755
60000 20.1412
60500 20.548
61000 21.0785
61500 21.0226
62000 21.3544
62500 21.9225
63000 22.3832
63500 22.7614
64000 22.7853
64500 23.0479
65000 23.4732
65500 23.8213
66000 24.29
66500 23.6033
67000 24.978
67500 25.8858
68000 25.7458
68500 25.9943
69000 27.1271
69500 26.8457
70000 27.4293
70500 27.539
71000 28.3823
71500 28.4238
72000 29.0747
72500 29.4158
73000 29.8433
73500 30.1702
74000 28.3808
74500 30.9586
75000 30.9711
75500 32.1522
76000 32.293
76500 33.3252
77000 33.0775
77500 33.5752
78000 33.473
78500 34.419
79000 35.0612
79500 34.9642
80000 35.8909
80500 35.7924
81000 36.6633
81500 37.5425
82000 36.5008
82500 38.2994
83000 38.8009
83500 38.9665
84000 40.6315
84500 40.0739
85000 40.471
85500 40.0019
86000 41.9087
86500 40.9816
87000 42.5858
87500 43.363
88000 44.2957
88500 42.7307
89000 43.6376
89500 45.3043
90000 46.3455
90500 45.4417
91000 47.0915
91500 46.6352
92000 46.7817
92500 47.6709
93000 48.2683
93500 47.6773
94000 49.3684
94500 49.8616
95000 50.9497
95500 51.8279
96000 50.1539
96500 54.3675
97000 52.7192
97500 54.5363
98000 53.2718
98500 53.2206
99000 54.5538
99500 56.9571
100000 54.7832
100500 57.5947
101000 57.0602
101500 57.2745
102000 57.7477
102500 59.2508
103000 60.4504
103500 60.1582
104000 60.5789
104500 61.8403
105000 61.5114
105500 61.9363
106000 62.5818
106500 63.7492
107000 64.3124
107500 65.4127
108000 66.3292
108500 67.5862
109000 66.9722
109500 66.6021
110000 67.2871
110500 68.1632
111000 69.0423
111500 68.5316
112000 69.9258
112500 72.088
113000 71.9774
113500 72.7777
114000 72.2099
114500 72.5813
115000 73.5741
115500 76.8817
116000 75.5859
116500 79.4428
117000 77.3623
117500 78.4259
118000 79.444
118500 79.5555
119000 79.5222
119500 81.5614
120000 83.0219
120500 85.7315
121000 82.8424
121500 84.0676
122000 83.7996
122500 85.3655
123000 84.9602
123500 86.5013
124000 88.4473
124500 88.9839
125000 87.8448
125500 88.3452
126000 90.6063
126500 91.8698
127000 90.9199
127500 93.2686
128000 91.9199
128500 94.2721
129000 94.7567
129500 95.2871
130000 95.9738
130500 96.704
131000 98.0424
131500 97.8016
132000 100.029
132500 100.979
133000 100.801
133500 100.461
134000 102.686
134500 103.417
135000 102.679
135500 104.58
136000 104.173
136500 105.431
137000 107.117
137500 106.669
138000 108.24
138500 109.402
139000 109.792
139500 111.084
140000 115.617
140500 112.067
141000 114.137
141500 115.285
142000 115.181
142500 117.9
143000 115.388
143500 116.566
144000 118.841
144500 119.516
145000 120.439
145500 121.396
146000 121.127
146500 121.832
147000 123.507
147500 123.114
148000 128.512
148500 127.51
149000 126.399
149500 129.321
150000 132.417
150500 129.014
151000 129.116
151500 130.829
152000 132.118
152500 132.287
153000 132.169
153500 135.817
154000 137.697
154500 137.563
155000 137.188
155500 138.024
156000 140.651
156500 140.363
157000 144.105
157500 142.971
158000 142.564
158500 144.581
159000 146.071
159500 146.021
160000 147.237
160500 150.004
161000 150.211
161500 151.77
162000 152.014
162500 150.478
163000 152.86
163500 153.581
164000 157.666
164500 155.193
165000 155.629
165500 157.858
166000 161.846
166500 159.089
167000 162.325
167500 162.431
168000 163.883
168500 165.14
169000 165.103
169500 165.961
170000 168.864
170500 167.682
171000 168.117
171500 170.332
172000 172.55
172500 178.571
173000 172.438
173500 174.549
174000 175.342
174500 178.888
175000 177.495
175500 178.674
176000 178.694
176500 181.06
177000 181.549
177500 182.442
178000 185.17
178500 185.353
179000 186.69
179500 188.502
180000 189.922
180500 190.697
181000 191.136
181500 190.476
182000 193.039
182500 191.76
183000 198.164
183500 196.401
184000 195.821
184500 198.012
185000 199.524
185500 200.804
186000 202.727
186500 204.847
187000 205.098
187500 205.663
188000 208.343
188500 204.585
189000 209.956
189500 215.937
190000 214.003
190500 209.526
191000 216.684
191500 213.948
192000 217.574
192500 218.664
193000 218.145
193500 224.544
194000 218.611
194500 221.72
195000 221.533
195500 224.068
196000 225.472
196500 227.449
197000 228.223
197500 229.051
198000 233.075
198500 230.098
