2000 0.00104349
2500 0.00151988
3000 0.00208171
3500 0.00169705
4000 0.00216498
4500 0.00266538
5000 0.00314963
5500 0.00369052
6000 0.00427881
6500 0.00323288
7000 0.00364437
7500 0.00404618
8000 0.00448988
8500 0.00495408
9000 0.00544992
9500 0.00600576
10000 0.00653264
10500 0.007213
11000 0.007798
11500 0.010359
12000 0.009583
12500 0.009716
13000 0.009185
13500 0.007557
14000 0.007976
14500 0.008303
15000 0.008709
15500 0.009241
16000 0.009686
16500 0.010107
17000 0.011656
17500 0.013002
18000 0.013884
18500 0.013243
19000 0.013292
19500 0.015442
20000 0.016427
20500 0.014618
21000 0.015082
21500 0.016641
22000 0.017618
22500 0.0182
23000 0.018954
23500 0.019924
24000 0.021669
24500 0.020136
25000 0.022537
25500 0.016887
26000 0.017899
26500 0.015366
27000 0.015722
27500 0.017284
28000 0.016621
28500 0.017318
29000 0.017424
29500 0.018025
30000 0.018422
30500 0.01898
31000 0.021562
31500 0.019921
32000 0.020653
32500 0.020883
33000 0.021313
33500 0.022162
34000 0.025449
34500 0.028014
35000 0.026045
35500 0.024225
36000 0.024499
36500 0.025032
37000 0.025658
37500 0.026231
38000 0.026641
38500 0.029729
39000 0.027664
39500 0.031733
40000 0.029458
40500 0.029934
41000 0.030363
41500 0.030782
42000 0.031574
42500 0.031958
43000 0.032496
43500 0.035295
44000 0.035713
44500 0.036648
45000 0.036186
45500 0.039829
46000 0.037645
46500 0.039803
47000 0.037648
47500 0.04284
48000 0.03996
48500 0.042602
49000 0.040566
49500 0.044596
50000 0.04328
50500 0.047419
51000 0.035296
51500 0.032271
52000 0.030957
52500 0.031475
53000 0.032748
53500 0.032284
54000 0.038032
54500 0.033094
55000 0.036816
55500 0.036156
56000 0.034518
56500 0.04008
57000 0.035752
57500 0.043098
58000 0.037513
58500 0.037008
59000 0.037671
59500 0.039009
60000 0.038539
60500 0.045143
61000 0.042648
61500 0.042413
62000 0.041587
62500 0.040892
63000 0.048264
63500 0.042793
64000 0.043531
64500 0.044951
65000 0.046127
65500 0.045448
66000 0.048183
66500 0.047119
67000 0.051547
67500 0.046389
68000 0.046708
68500 0.047869
69000 0.049996
69500 0.050677
70000 0.049899
70500 0.053618
71000 0.051559
71500 0.057893
72000 0.052845
72500 0.056006
73000 0.059255
73500 0.061304
74000 0.053723
74500 0.055578
75000 0.056339
75500 0.061551
76000 0.058922
76500 0.056434
77000 0.059501
77500 0.058162
78000 0.060294
78500 0.059197
79000 0.061407
79500 0.063143
80000 0.064914
80500 0.061232
81000 0.07269
81500 0.065804
82000 0.065888
82500 0.06647
83000 0.064559
83500 0.064632
84000 0.069397
84500 0.070464
85000 0.071683
85500 0.074934
86000 0.070018
86500 0.073928
87000 0.074795
87500 0.073512
88000 0.075306
88500 0.070964
89000 0.073664
89500 0.075363
90000 0.074463
90500 0.083228
91000 0.076119
91500 0.07584
92000 0.075384
92500 0.080832
93000 0.080662
93500 0.077604
94000 0.083666
94500 0.078545
95000 0.079591
95500 0.080549
96000 0.081007
96500 0.082913
97000 0.081799
97500 0.08263
98000 0.084932
98500 0.08893
99000 0.090255
99500 0.091717
100000 0.09338
100500 0.089478
101000 0.093307
101500 0.087119
102000 0.080026
102500 0.066275
103000 0.071428
103500 0.075209
104000 0.067264
104500 0.068593
105000 0.069483
105500 0.066337
106000 0.070113
106500 0.067781
107000 0.069622
107500 0.074818
108000 0.071765
108500 0.075289
109000 0.069568
109500 0.070626
110000 0.078026
110500 0.075991
111000 0.071633
111500 0.076897
112000 0.07728
112500 0.073649
113000 0.076396
113500 0.073968
114000 0.074622
114500 0.075802
115000 0.082014
115500 0.077914
116000 0.078456
116500 0.078752
117000 0.081929
117500 0.079402
118000 0.085148
118500 0.07921
119000 0.085014
119500 0.080213
120000 0.085883
120500 0.081183
121000 0.084046
121500 0.086055
122000 0.08218
122500 0.082831
123000 0.089204
123500 0.084033
124000 0.085972
124500 0.090546
125000 0.088181
125500 0.086558
126000 0.090734
126500 0.089896
127000 0.091337
127500 0.088666
128000 0.096102
128500 0.094819
129000 0.094784
129500 0.094186
130000 0.094946
130500 0.094879
131000 0.100845
131500 0.09364
132000 0.097592
132500 0.094526
133000 0.098816
133500 0.100747
134000 0.095766
134500 0.098209
135000 0.098809
135500 0.104761
136000 0.100576
136500 0.105032
137000 0.104798
137500 0.105426
138000 0.105039
138500 0.100295
139000 0.107445
139500 0.106242
140000 0.109627
140500 0.110722
141000 0.105631
141500 0.108223
142000 0.10974
142500 0.104475
143000 0.106824
143500 0.108294
144000 0.106069
144500 0.10763
145000 0.106998
145500 0.1078
146000 0.111464
146500 0.111699
147000 0.115403
147500 0.11058
148000 0.112642
148500 0.1215
149000 0.112051
149500 0.115817
150000 0.116573
150500 0.117196
151000 0.117591
151500 0.116244
152000 0.121827
152500 0.12168
153000 0.121452
153500 0.124138
154000 0.118348
154500 0.125228
155000 0.123582
155500 0.119956
156000 0.120152
156500 0.125144
157000 0.121106
157500 0.12367
158000 0.122401
158500 0.123827
159000 0.130857
159500 0.124677
160000 0.126999
160500 0.129386
161000 0.13328
161500 0.13127
162000 0.127349
162500 0.13036
163000 0.129287
163500 0.134949
164000 0.133559
164500 0.134815
165000 0.135504
165500 0.133656
166000 0.137491
166500 0.139107
167000 0.133949
167500 0.134319
168000 0.135762
168500 0.138031
169000 0.137542
169500 0.141707
170000 0.138456
170500 0.141476
171000 0.143777
171500 0.144188
172000 0.147484
172500 0.145086
173000 0.141715
173500 0.142308
174000 0.14931
174500 0.149267
175000 0.151414
175500 0.154157
176000 0.14827
176500 0.150098
177000 0.147409
177500 0.15255
178000 0.155508
178500 0.152887
179000 0.149779
179500 0.153221
180000 0.153017
180500 0.150977
181000 0.152427
181500 0.152726
182000 0.161318
182500 0.156221
183000 0.157761
183500 0.158844
184000 0.157572
184500 0.163098
185000 0.159927
185500 0.158116
186000 0.160662
186500 0.159315
187000 0.160409
187500 0.162072
188000 0.161085
188500 0.163338
189000 0.173172
189500 0.164288
190000 0.176014
190500 0.170636
191000 0.170644
191500 0.166345
192000 0.173009
192500 0.173329
193000 0.173634
193500 0.171398
194000 0.171608
194500 0.170458
195000 0.173758
195500 0.176554
196000 0.179699
196500 0.182062
197000 0.176095
197500 0.1763
198000 0.178776
198500 0.178164
199000 0.182162
199500 0.180583
200000 0.184987
